001
7
903 503 15 39
920 498 20 44
941 494 22 47
962 486 25 46
990 479 17 48
1007 475 17 49
1025 470 17 48
002
4
1280 435 12 37
1295 420 22 30
1323 421 31 43
1340 416 23 44
005
2
1138 357 21 37
1161 354 11 37
006
5
965 501 16 44
980 497 18 44
998 491 20 46
1022 486 16 43
1073 481 9 37
008
6
759 415 13 33
773 411 12 36
788 410 18 34
806 405 14 33
821 402 13 33
835 400 13 32
009
1
455 854 22 62
012
1
836 478 14 38
014
6
853 482 13 37
868 481 14 36
884 477 15 39
904 477 14 36
920 476 13 36
934 474 28 37
015
4
944 559 13 45
960 553 22 48
982 553 22 48
1038 547 34 43
016
5
842 438 19 43
861 438 19 43
880 438 19 43
899 438 19 43
918 438 19 43
018
3
963 487 33 43
999 485 20 40
1021 482 15 39
019
0
023
5
411 356 11 25
424 353 24 27
449 354 11 25
466 353 11 29
478 353 10 25
025
2
243 852 20 48
413 870 26 53
026
5
1037 571 13 40
1052 568 18 43
1070 566 14 43
1091 565 16 40
1122 557 26 42
027
5
449 331 23 26
473 329 11 26
489 330 11 25
500 330 11 25
525 329 10 24
028
7
1157 535 15 47
1174 532 16 49
1192 529 16 49
1213 527 15 46
1229 525 14 44
1245 522 13 45
1260 520 13 44
029
5
626 423 13 31
640 422 12 30
654 421 13 30
687 418 14 35
701 417 11 30
031
6
1038 473 12 34
1051 471 15 35
1066 470 15 34
1084 469 15 34
1099 468 13 33
1113 465 24 37
033
6
866 434 13 31
880 433 13 31
894 433 17 29
925 431 13 30
939 430 11 30
952 429 9 30
034
6
1050 489 13 37
1069 488 11 36
1079 485 16 37
1098 485 15 34
1112 481 14 36
1125 482 14 34
035
2
1349 556 13 38
1364 553 32 40
036
6
455 363 7 30
465 362 11 31
478 362 11 28
494 361 12 28
507 360 12 28
533 359 12 27
037
6
628 624 20 51
652 625 25 51
681 626 25 50
718 628 24 49
744 628 25 51
799 633 25 50
039
4
642 242 23 45
665 242 23 45
688 242 23 45
721 243 32 42
040
6
860 96 12 27
873 96 14 32
889 96 13 28
904 96 14 28
919 96 18 28
939 96 12 28
042
5
546 184 22 54
568 184 22 54
590 184 22 54
612 184 22 54
634 184 22 54
043
5
773 92 22 50
795 92 22 50
817 92 22 50
839 92 22 50
861 92 22 50
044
4
356 141 26 49
382 141 26 49
408 141 26 49
426 150 21 44
046
2
377 565 16 44
515 575 21 45
048
1
923 240 17 27
049
4
764 142 27 43
783 142 20 36
806 143 19 35
837 143 19 36
050
1
703 192 9 27
052
1
703 577 18 56
053
5
777 313 27 62
804 313 27 62
831 313 27 62
858 313 27 62
885 313 27 62
054
6
668 426 29 74
697 426 29 74
733 426 30 71
763 426 30 71
793 426 30 71
823 426 30 71
056
6
775 307 17 37
793 308 19 36
813 309 19 36
839 310 18 36
860 310 17 36
899 311 18 36
057
4
214 265 14 36
228 266 14 32
245 268 10 32
260 269 20 38
058
5
740 86 25 54
765 86 25 54
790 86 25 54
815 86 25 54
840 86 25 54
059
6
862 211 17 31
879 212 17 29
897 211 17 31
915 211 17 31
938 212 16 30
955 211 16 32
060
5
513 162 27 63
540 162 27 63
567 162 27 63
594 162 27 63
621 162 27 63
062
7
604 322 16 35
623 322 16 35
638 322 20 35
663 323 19 34
683 323 19 35
701 323 20 35
721 323 17 35
063
5
782 289 24 54
806 289 24 54
830 289 24 54
854 289 24 54
878 289 24 54
065
2
724 84 43 54
794 84 45 53
068
5
735 288 24 52
759 288 24 52
783 288 24 52
807 288 24 52
831 288 24 52
069
5
857 262 33 41
897 264 19 34
917 265 18 34
936 265 18 34
957 266 16 34
070
5
896 321 19 36
936 322 20 44
985 325 19 36
1006 326 19 37
1027 327 18 37
071
4
876 232 15 33
891 232 17 33
909 232 18 33
951 233 17 33
072
6
636 331 22 50
658 331 22 50
680 331 22 50
702 331 22 50
724 331 22 50
746 331 22 50
075
4
614 459 31 62
645 459 31 62
676 459 31 62
706 459 56 65
077
6
736 68 20 47
756 68 20 47
776 68 20 47
796 68 20 47
816 68 20 47
836 68 20 47
079
4
898 284 10 34
912 285 19 33
933 286 17 33
952 286 18 33
081
5
836 241 26 60
862 241 26 60
888 241 26 60
914 241 26 60
940 241 26 60
082
1
814 205 8 25
083
5
855 221 24 55
879 221 24 55
903 221 24 55
927 221 24 55
951 221 24 55
084
5
622 90 23 54
645 90 23 54
668 90 23 54
691 90 23 54
714 90 23 54
085
5
439 235 20 47
459 235 20 47
479 235 20 47
499 235 20 47
519 235 20 47
086
5
928 188 22 47
950 188 22 47
972 188 22 47
994 188 22 47
1016 188 22 47
087
5
631 249 23 55
654 249 23 55
677 249 23 55
700 249 23 55
723 249 23 55
088
6
833 238 17 35
851 239 16 35
869 240 17 34
888 241 17 34
912 241 17 35
930 242 18 35
089
7
654 384 26 58
680 384 26 58
706 384 26 58
732 384 26 58
758 384 26 58
784 384 26 58
810 384 26 58
090
6
691 362 29 56
720 362 29 56
749 362 29 56
778 362 29 56
807 362 29 56
836 362 29 56
091
4
831 196 17 33
845 197 23 38
872 197 16 33
901 197 26 39
092
5
843 171 23 52
866 171 23 52
889 171 23 52
912 171 23 52
935 171 23 52
093
7
735 380 20 40
755 380 21 40
777 380 22 40
805 380 23 40
828 380 21 41
851 381 21 40
874 381 21 40
095
6
820 281 15 34
836 283 17 39
856 284 16 34
875 285 16 34
899 286 20 41
919 288 16 33
096
5
295 258 20 38
322 259 11 38
339 259 19 39
371 260 19 38
393 261 19 39
097
6
861 278 16 35
877 280 20 39
898 280 18 34
916 280 18 35
937 281 25 34
962 281 18 35
098
5
848 226 23 51
871 226 23 51
894 226 23 51
917 226 23 51
940 226 23 51
099
5
574 377 26 61
600 377 26 61
626 377 26 61
652 377 26 61
678 377 26 61
100
5
923 247 24 52
947 247 24 52
971 247 24 52
995 247 24 52
1019 247 24 52
101
6
322 587 30 64
352 587 30 64
382 587 30 64
412 587 30 64
442 587 30 64
472 587 30 64
105
7
664 168 14 30
678 168 14 30
694 167 14 30
709 168 19 30
729 168 15 30
744 168 15 30
761 168 14 30
106
6
679 280 10 27
692 280 19 43
718 279 20 39
739 280 18 39
759 281 18 37
780 281 17 38
107
5
876 129 14 28
891 129 15 31
908 129 20 28
929 129 15 28
945 129 27 31
108
6
313 440 19 42
335 442 18 41
355 443 19 42
381 445 10 43
404 435 24 53
425 447 19 42
110
5
714 214 16 31
730 213 16 37
770 215 16 31
788 214 15 32
805 215 16 31
111
6
559 427 19 40
579 428 20 47
601 429 19 40
624 430 18 41
651 431 20 42
673 433 19 41
113
7
335 406 20 42
355 407 21 42
377 407 22 43
404 408 22 42
430 410 18 41
451 410 20 41
471 410 19 42
114
6
637 308 18 35
657 309 19 39
682 310 18 33
699 309 19 35
723 309 22 40
739 309 20 35
115
6
713 334 17 37
731 334 20 44
751 335 22 39
774 336 20 38
800 337 21 38
822 338 20 38
116
6
562 346 19 42
582 347 20 42
603 348 21 42
632 350 19 41
676 353 20 41
698 353 20 42
117
6
611 389 18 36
630 390 19 43
657 392 19 36
677 393 21 37
699 393 19 37
719 394 21 37
119
6
681 386 17 37
700 388 19 42
720 389 19 37
742 391 19 36
771 392 18 37
791 394 18 36
120
6
784 249 15 34
799 250 17 39
818 251 17 33
838 251 15 34
861 251 20 38
880 252 16 34
121
6
819 318 17 35
837 320 19 40
863 321 18 34
884 322 18 35
902 323 19 34
926 323 10 35
122
6
778 275 16 35
794 275 18 35
813 276 18 34
838 277 18 34
876 277 18 35
896 278 18 34
124
7
748 295 18 36
769 296 17 36
787 296 18 36
812 297 18 36
832 298 19 36
852 299 18 36
873 300 17 35
125
7
793 252 15 33
808 252 18 34
827 253 18 34
851 255 16 32
870 255 17 33
888 255 16 33
907 256 17 33
127
5
690 257 22 49
712 257 22 49
734 257 22 49
756 257 22 49
778 257 22 49
128
6
646 276 16 33
664 276 18 38
683 276 17 33
702 277 16 32
726 276 20 40
743 277 17 33
130
6
808 184 16 32
824 184 17 32
843 185 18 32
861 185 20 33
885 185 21 38
904 185 18 33
133
6
712 237 15 34
728 237 17 34
748 238 16 34
770 239 16 33
789 239 16 33
807 239 17 34
134
6
771 201 17 32
788 200 18 38
806 200 18 38
825 201 19 32
849 201 19 32
869 202 17 32
135
6
808 241 14 31
824 241 16 38
842 242 17 31
860 241 16 33
885 242 19 39
903 243 14 31
136
6
808 261 17 34
826 262 17 39
845 263 17 33
864 263 19 34
887 263 18 34
907 263 17 35
137
6
848 285 16 34
865 286 17 38
885 287 17 33
907 287 9 34
928 288 19 39
946 288 17 34
140
6
802 238 14 32
817 238 16 39
836 239 16 33
855 239 15 34
878 240 19 40
896 241 16 33
141
6
748 245 16 34
765 246 17 33
784 247 17 33
808 248 18 33
845 249 18 34
865 250 16 34
142
7
723 285 19 34
744 286 16 34
760 286 20 34
785 287 18 33
806 287 16 34
823 287 18 34
842 288 18 34
144
6
737 261 14 30
752 261 17 36
777 262 17 30
795 263 18 29
816 263 18 35
832 263 18 30
146
5
763 238 23 51
786 238 23 51
809 238 23 51
832 238 23 51
855 238 23 51
147
5
480 143 24 53
504 143 24 53
528 143 24 53
552 143 24 53
576 143 24 53
148
5
642 98 23 49
665 98 23 49
688 98 23 49
711 98 23 49
734 98 23 49
149
5
735 157 17 34
755 158 18 33
779 159 11 34
805 160 18 34
827 160 17 35
151
2
752 174 19 22
771 174 19 22
152
7
586 326 16 37
602 326 20 37
622 327 19 37
647 327 19 37
667 328 18 36
687 328 19 37
708 328 18 37
153
5
156 248 12 38
166 251 19 40
200 251 17 36
223 251 15 40
238 253 15 35
154
5
594 158 24 56
618 158 24 56
642 158 24 56
666 158 24 56
690 158 24 56
155
5
726 296 24 51
750 296 24 51
774 296 24 51
798 296 24 51
822 296 24 51
156
5
751 121 21 48
772 121 21 48
793 121 21 48
814 121 21 48
835 121 21 48
158
5
807 286 23 51
830 286 23 51
853 286 23 51
876 286 23 51
899 286 23 51
160
6
897 251 17 34
914 251 17 34
933 251 17 34
957 251 18 34
977 251 17 34
1013 252 19 33
161
5
206 236 18 39
224 236 18 39
242 236 18 39
260 236 18 39
278 236 18 39
162
6
931 238 27 46
946 250 20 39
972 249 18 35
992 251 16 32
1011 241 21 43
1030 252 15 33
163
7
935 200 16 37
954 200 17 37
972 200 20 37
999 201 19 36
1019 201 19 37
1040 201 19 37
1060 202 19 36
165
6
225 288 13 34
240 290 13 34
254 291 14 33
270 292 14 33
291 293 17 39
307 293 15 34
167
5
747 251 28 58
775 251 28 58
803 251 28 58
831 251 28 58
859 251 28 58
170
5
745 138 24 53
769 138 24 53
793 138 24 53
817 138 24 53
841 138 24 53
171
6
681 114 23 52
704 114 23 52
727 114 23 52
750 114 23 52
773 114 23 52
796 114 23 52
173
5
803 319 25 57
828 319 25 57
853 319 25 57
878 319 25 57
903 319 25 57
174
7
572 341 19 38
591 342 20 38
611 342 21 38
638 344 19 37
660 344 18 37
679 345 20 37
700 346 19 37
175
7
359 312 16 36
373 313 19 36
395 315 16 36
410 316 23 35
433 318 20 35
452 318 18 36
470 320 20 36
178
6
850 235 19 46
869 235 19 46
888 235 19 46
907 235 19 46
926 235 19 46
945 235 19 46
179
5
343 277 22 49
365 277 22 49
387 277 22 49
409 277 22 49
431 277 22 49
180
5
764 332 26 57
790 332 26 57
816 332 26 57
842 332 26 57
868 332 26 57
181
2
861 259 8 18
954 259 10 24
182
5
922 209 22 49
944 209 22 49
966 209 22 49
988 209 22 49
1010 209 22 49
184
1
619 530 13 32
186
5
842 223 23 52
865 223 23 52
888 223 23 52
911 223 23 52
934 223 23 52
187
5
249 196 8 34
289 185 16 39
308 196 12 31
321 185 16 39
331 193 15 32
188
6
692 234 23 55
715 234 23 55
738 234 23 55
761 234 23 55
784 234 23 55
807 234 23 55
189
6
810 406 20 38
828 406 26 39
853 407 24 38
878 407 24 38
909 408 30 44
937 410 19 36
190
5
811 230 23 52
834 230 23 52
857 230 23 52
880 230 23 52
903 230 23 52
193
5
865 265 23 53
888 265 23 53
911 265 23 53
934 265 23 53
957 265 23 53
194
6
914 274 24 48
938 274 24 48
962 274 24 48
986 274 24 48
1010 274 24 48
1034 274 24 48
196
6
858 283 23 46
881 283 23 46
904 283 23 46
927 274 23 54
950 274 23 54
973 274 23 54
197
6
839 296 23 54
862 296 23 54
885 296 23 54
908 296 23 54
931 296 23 54
954 296 23 54
198
5
716 90 23 52
739 90 23 52
762 90 23 52
785 90 23 52
808 90 23 52
199
2
518 346 11 25
571 347 12 25
202
7
814 304 17 36
831 305 20 35
851 305 20 36
877 305 20 36
897 306 18 34
918 305 18 36
937 306 18 35
205
4
770 349 37 51
807 349 37 51
851 348 27 55
878 348 27 55
206
6
930 262 17 32
947 262 18 33
966 262 24 33
991 263 18 32
1011 263 18 33
1031 263 17 32
207
5
740 126 26 44
766 123 23 48
789 123 23 48
812 123 23 48
835 123 23 48
208
5
233 220 14 35
264 223 15 34
284 223 8 36
301 224 18 41
317 226 15 34
209
1
948 274 9 25
210
5
528 154 23 55
551 154 23 55
574 154 23 55
597 154 23 55
620 154 23 55
211
6
712 263 15 33
726 264 19 32
744 265 19 32
766 261 19 37
786 266 17 32
824 268 16 31
212
6
720 278 19 34
738 278 20 34
761 278 11 35
778 278 19 35
802 278 20 35
822 277 18 36
214
3
772 263 16 44
791 264 23 43
814 264 23 43
215
5
869 300 9 34
905 302 18 34
925 303 18 34
950 304 19 33
970 304 18 35
216
6
871 330 17 38
889 330 20 38
910 331 20 38
938 332 19 37
980 332 20 39
1002 333 18 38
218
5
319 187 23 53
342 187 23 53
365 187 23 53
388 187 23 53
411 187 23 53
219
1
722 188 8 24
220
5
829 230 24 53
853 230 24 53
877 230 24 53
901 230 24 53
925 230 24 53
221
5
941 257 25 57
966 257 25 57
992 266 24 48
1016 266 24 48
1040 266 24 48
222
5
730 335 30 56
760 335 30 56
790 335 30 56
820 335 30 56
850 335 30 56
223
5
778 204 23 52
801 204 23 52
824 204 23 52
847 204 23 52
870 204 23 52
224
5
466 371 21 36
490 371 19 37
511 372 20 37
543 373 21 36
564 373 22 36
229
7
723 324 18 46
742 325 20 37
762 325 21 38
789 325 21 38
810 325 20 39
832 326 20 38
853 326 18 38
232
5
709 225 24 58
733 225 24 58
757 225 24 58
781 225 24 58
805 225 24 58
234
8
270 261 12 37
280 260 17 34
295 259 16 36
317 264 13 31
330 264 15 33
337 252 18 30
345 266 16 31
360 266 17 32
235
6
445 282 27 30
459 267 22 35
480 269 18 34
505 270 14 32
536 271 18 32
553 271 18 32
237
7
846 301 16 35
864 301 17 35
884 301 17 36
909 302 18 35
929 303 18 35
949 303 20 35
969 303 18 35
238
6
762 259 16 33
780 259 17 34
798 260 17 33
817 260 18 33
841 259 19 35
862 260 17 33
240
5
685 80 23 51
708 80 23 51
731 80 23 51
754 80 23 51
777 80 23 51
241
1
834 159 11 28
242
4
195 297 30 45
222 298 22 42
245 309 18 38
263 309 18 38
243
5
638 328 27 55
665 328 27 55
692 328 27 55
713 328 26 56
739 328 26 56
245
5
805 182 25 38
823 182 16 33
843 183 16 32
871 183 18 32
891 183 17 32
246
5
847 249 28 60
875 249 28 60
903 249 28 60
931 249 28 60
959 249 28 60
247
7
244 312 17 36
264 312 13 41
275 312 13 35
289 313 18 34
308 313 18 34
327 313 22 40
348 313 11 35
248
6
44 437 15 37
63 435 26 44
86 433 22 38
116 432 14 37
142 427 30 44
166 426 26 39
249
2
388 278 6 15
435 266 18 21
251
7
195 326 18 36
212 325 22 35
232 323 18 36
259 322 20 36
279 321 21 36
300 320 20 36
320 319 21 36
252
0
253
0
254
5
742 184 24 51
766 184 24 51
790 184 24 51
814 184 24 51
838 184 24 51
255
5
762 283 29 63
791 283 29 63
820 283 29 63
849 283 29 63
878 283 29 63
257
4
288 130 25 51
313 130 25 51
338 130 25 51
363 130 25 51
258
5
690 216 21 45
711 216 21 45
732 216 21 45
753 216 21 45
774 216 21 45
260
5
768 314 24 52
792 314 24 52
816 314 24 52
840 314 24 52
864 314 24 52
261
1
826 349 12 27
263
5
685 120 23 52
708 120 23 52
731 120 23 52
754 120 23 52
777 120 23 52
264
5
431 277 22 48
453 277 22 48
475 277 22 48
497 277 22 48
519 277 22 48
265
4
729 233 27 38
746 238 12 24
768 239 11 23
820 239 7 24
267
5
721 156 23 51
744 156 23 51
767 156 23 51
790 156 23 51
820 157 20 45
268
6
741 131 22 53
763 131 22 53
785 131 22 53
807 131 22 53
829 131 22 53
851 131 22 53
269
5
779 261 28 58
807 261 28 58
835 261 28 58
863 261 28 58
891 261 28 58
270
5
704 237 27 56
731 237 27 56
758 237 27 56
785 237 27 56
812 237 27 56
271
5
751 217 24 51
775 217 24 51
799 217 24 51
823 217 24 51
847 217 24 51
272
6
911 235 23 54
934 235 23 54
957 235 23 54
980 235 23 54
1003 235 23 54
1026 235 23 54
273
5
808 247 25 56
833 247 25 56
858 247 25 56
883 247 25 56
908 247 25 56
274
7
550 109 19 34
568 109 19 34
586 110 19 33
609 110 19 34
628 111 17 33
648 111 15 33
664 112 18 33
275
5
693 159 30 42
714 158 21 37
737 159 20 36
769 158 20 37
782 147 31 49
276
5
562 294 27 64
589 294 27 64
616 294 27 64
643 294 27 64
670 294 27 64
277
5
761 393 27 63
788 393 27 63
815 393 27 63
842 393 27 63
869 393 27 63
278
5
824 231 24 58
848 231 24 58
872 231 24 58
896 231 24 58
920 231 24 58
282
1
427 298 11 30
284
5
709 333 18 35
747 335 19 33
772 336 20 34
813 337 18 33
833 337 18 34
286
5
725 132 22 51
747 132 22 51
769 132 22 51
791 132 22 51
813 132 22 51
287
5
715 154 23 51
738 154 23 51
761 154 23 51
784 154 23 51
807 154 23 51
288
5
729 108 21 47
750 108 21 47
771 108 21 47
792 108 21 47
813 108 21 47
289
1
795 176 8 26
290
5
670 287 27 55
697 287 27 55
724 296 18 46
751 287 27 55
778 287 27 55
292
0
293
6
708 94 18 43
726 94 18 43
744 94 18 43
762 94 18 43
780 94 18 43
798 94 18 43
296
5
655 464 30 62
685 464 30 62
715 464 30 62
745 464 30 62
775 464 30 62
297
6
760 297 18 34
783 296 17 35
803 297 20 34
835 296 20 34
858 296 18 34
881 296 19 34
298
6
731 356 11 40
747 357 22 39
772 358 20 39
794 359 21 39
825 359 21 40
847 360 19 40
299
5
588 334 23 55
611 334 23 55
634 334 23 55
657 334 23 55
680 334 23 55
300
5
720 119 22 49
742 119 22 49
764 119 22 49
786 119 22 49
808 119 22 49
301
1
842 179 11 28
302
6
462 312 7 21
477 330 14 27
491 332 14 26
506 334 16 26
521 336 15 25
535 337 16 26
303
1
745 200 10 24
304
5
712 418 30 58
742 418 30 58
772 418 30 58
790 418 31 58
821 418 31 58
305
5
957 164 22 46
979 164 22 46
1001 164 22 46
1023 164 22 46
1045 164 22 46
306
5
712 284 23 53
735 284 23 53
758 284 23 53
781 284 23 53
804 284 23 53
309
6
768 310 16 36
786 310 19 44
807 311 18 35
831 311 9 36
852 312 21 43
872 312 16 36
310
6
723 353 17 38
736 355 25 47
763 355 19 38
789 356 9 38
811 357 18 38
832 357 18 38
311
2
738 154 15 23
767 156 8 20
313
5
487 150 23 51
510 150 23 51
533 150 23 51
556 150 23 51
579 150 23 51
315
6
730 292 23 47
753 292 23 47
776 292 23 47
799 292 23 47
822 292 23 47
845 292 23 47
319
7
775 362 17 40
792 362 20 40
815 363 20 39
843 364 20 38
864 363 21 40
886 364 21 39
908 363 20 40
320
5
740 272 26 58
766 272 26 58
792 272 26 58
818 272 26 58
844 272 26 58
321
5
590 83 22 52
612 83 22 52
634 83 22 52
656 83 22 52
678 83 22 52
323
5
449 284 21 47
470 284 21 47
491 284 21 47
512 284 21 47
533 284 21 47
324
5
709 264 23 52
732 264 23 52
755 264 23 52
778 264 23 52
801 264 23 52
325
6
557 419 23 40
579 419 22 40
600 420 21 40
650 421 23 40
673 421 22 40
698 422 19 40
326
6
800 265 16 34
816 266 17 34
835 266 19 34
878 267 18 33
897 268 17 32
916 267 17 34
327
6
723 259 15 34
741 260 15 34
758 260 16 35
776 261 17 34
800 262 20 41
819 263 16 34
328
3
473 240 27 48
500 240 27 48
527 240 27 48
330
5
677 213 23 53
700 213 23 53
723 213 23 53
746 213 23 53
769 213 23 53
334
5
547 421 31 65
578 421 31 65
609 421 31 65
635 432 28 54
663 432 28 54
335
5
593 155 22 49
615 155 22 49
637 155 22 49
659 155 22 49
681 155 22 49
337
5
631 138 17 36
652 139 16 36
672 130 17 46
704 141 17 35
718 142 26 42
338
5
724 394 27 56
751 394 27 56
778 394 27 56
805 394 27 56
832 394 27 56
339
8
630 382 20 38
650 382 20 38
658 366 20 39
670 382 20 38
690 382 20 38
705 368 22 39
728 369 20 38
751 370 20 39
340
6
698 239 25 60
723 239 25 60
748 239 25 60
773 239 25 60
798 239 25 60
823 239 25 60
341
5
706 365 27 59
733 365 27 59
760 365 27 59
787 365 27 59
814 365 27 59
342
6
698 564 31 54
729 564 31 54
760 564 31 54
788 557 35 57
823 557 35 57
858 557 35 57
343
6
683 340 25 55
708 340 25 55
733 340 25 55
758 340 25 55
783 340 25 55
808 340 25 55
344
6
907 241 22 48
929 241 22 48
951 241 22 48
973 241 22 48
995 241 22 48
1017 241 22 48
345
5
780 238 30 63
810 238 30 63
840 238 30 63
870 238 30 63
900 238 30 63
347
7
699 376 18 37
718 377 17 37
736 379 22 36
763 381 21 36
783 381 21 36
804 382 22 37
832 383 8 36
348
5
598 140 25 60
623 140 25 60
648 140 25 60
673 140 25 60
698 140 25 60
349
7
708 438 21 41
728 439 25 41
753 440 25 42
787 442 22 40
811 443 23 41
836 444 22 40
860 445 22 41
350
4
633 375 51 62
681 378 29 64
710 378 29 64
739 378 29 64
351
5
721 433 36 52
750 422 29 63
779 422 29 63
808 422 29 63
837 422 29 63
352
6
598 147 22 52
620 147 22 52
642 147 22 52
664 147 22 52
686 147 22 52
708 147 22 52
353
6
855 310 27 67
882 310 27 67
909 310 27 67
937 312 31 65
968 312 31 65
999 312 31 65
354
8
708 268 16 33
725 268 18 33
744 269 18 33
760 292 19 24
769 271 18 32
779 292 19 24
798 292 19 24
807 272 19 33
357
1
690 246 10 27
358
1
248 151 8 25
360
6
711 355 19 37
733 357 20 37
760 358 21 38
787 361 11 40
804 362 24 44
825 362 20 44
361
6
896 303 18 37
914 303 21 43
936 303 21 37
960 303 11 38
984 303 21 38
1007 303 18 38
362
5
755 230 19 35
777 230 19 36
811 229 19 36
832 230 21 35
855 230 19 34
363
7
284 272 13 34
296 273 15 33
311 274 16 33
331 276 16 33
348 277 16 33
363 278 16 33
380 279 16 34
366
5
713 241 24 56
737 241 24 56
761 241 24 56
785 241 24 56
809 241 24 56
368
5
712 328 25 59
737 328 25 59
762 328 25 59
787 328 25 59
812 328 25 59
369
6
773 380 18 39
794 382 19 37
816 383 21 38
845 384 9 39
868 386 20 38
891 386 18 39
370
5
635 402 27 63
662 402 27 63
689 402 27 63
716 402 27 63
743 402 27 63
371
5
238 270 15 32
254 271 15 32
271 273 15 31
294 274 24 38
312 275 16 32
373
5
648 176 24 56
672 176 24 56
696 176 24 56
720 176 24 56
744 176 24 56
375
2
714 299 10 29
747 300 10 28
377
3
578 197 18 31
601 196 14 34
619 197 16 32
378
6
395 392 18 40
416 393 19 38
436 393 21 40
462 394 22 41
485 395 21 41
528 397 20 40
379
5
366 387 29 69
395 387 29 69
424 387 29 69
453 387 29 69
482 387 29 69
380
5
718 129 22 53
740 129 22 53
762 129 22 53
784 129 22 53
806 129 22 53
383
6
555 233 12 25
567 233 12 25
580 234 11 25
597 234 21 25
619 236 11 24
630 236 11 24
384
1
591 442 12 31
385
1
703 423 10 28
386
6
594 472 22 50
616 473 23 52
646 475 12 44
659 462 27 59
696 478 27 52
722 478 19 47
387
6
492 593 25 56
516 594 30 48
550 597 14 48
563 581 32 66
605 600 31 58
634 601 20 52
389
1
800 211 8 25
390
5
625 270 23 54
648 270 23 54
671 270 23 54
694 270 23 54
717 270 23 54
391
5
641 327 27 66
668 327 27 66
695 327 27 66
722 327 27 66
749 327 27 66
392
1
649 163 10 27
393
4
758 300 32 45
782 301 22 38
805 302 23 38
841 302 23 39
394
5
756 385 27 57
783 385 27 57
810 385 27 57
837 385 27 57
864 385 27 57
396
5
566 141 25 53
591 141 25 53
616 141 25 53
641 141 25 53
666 141 25 53
397
4
611 424 31 61
642 424 31 61
673 424 31 61
703 420 56 65
398
5
665 318 25 59
690 318 25 59
715 318 25 59
740 318 25 59
765 318 25 59
399
5
606 279 27 47
633 279 27 47
660 279 27 47
690 269 28 58
718 269 28 58
400
5
375 326 28 70
403 326 28 70
431 326 28 70
459 326 28 70
487 326 28 70
401
6
630 631 28 68
658 631 28 68
686 631 28 68
714 631 28 68
742 631 28 68
770 631 28 68
405
5
726 183 20 45
746 183 20 45
766 183 20 45
786 183 20 45
806 183 20 45
406
5
617 219 21 47
638 219 21 47
659 219 21 47
680 219 21 47
701 219 21 47
407
6
645 380 26 63
671 380 26 63
697 380 26 63
723 380 26 63
749 380 26 63
775 380 26 63
408
6
758 308 18 36
778 309 19 36
797 310 19 36
818 311 19 36
844 312 23 43
866 313 17 36
409
5
638 117 25 58
663 117 25 58
688 117 25 58
713 117 25 58
738 117 25 58
410
5
638 116 24 55
662 116 24 55
686 116 24 55
710 116 24 55
734 116 24 55
411
4
592 223 14 33
608 223 16 35
624 223 16 33
640 223 16 33
413
5
683 218 21 47
704 218 21 47
725 218 21 47
746 218 21 47
767 218 21 47
415
4
667 312 34 66
701 312 34 66
735 312 34 66
769 312 34 66
416
1
763 200 7 25
417
6
761 144 23 53
784 144 23 53
807 144 23 53
830 144 23 53
853 144 23 53
876 144 23 53
418
5
652 240 23 53
675 240 23 53
698 240 23 53
721 240 23 53
744 240 23 53
419
4
281 325 32 60
313 325 32 60
345 325 32 60
377 325 32 60
420
6
781 350 19 40
801 351 20 39
823 352 20 40
851 354 19 39
873 356 20 38
917 358 19 39
421
4
613 141 29 58
642 141 29 58
671 141 29 58
700 141 29 58
422
6
728 384 26 61
754 384 26 61
780 384 26 61
806 384 26 61
832 384 26 61
850 397 37 48
423
5
744 388 27 61
771 388 27 61
798 388 27 61
825 388 27 61
852 388 27 61
424
6
972 151 14 29
986 151 16 35
1004 151 16 30
1023 151 8 30
1041 151 18 34
1058 151 15 29
425
7
698 406 17 41
714 406 21 40
737 407 22 40
766 408 22 40
788 408 22 40
811 408 22 41
834 409 21 40
426
6
273 284 14 34
289 285 30 35
325 287 15 34
341 287 16 34
358 288 15 34
375 289 14 34
427
7
680 95 10 20
690 95 10 20
700 95 10 20
714 96 6 19
722 96 9 21
731 96 9 21
740 96 9 21
429
5
287 352 31 69
318 352 31 69
349 352 31 69
380 352 31 69
411 352 31 69
432
6
704 270 23 51
727 270 23 51
750 270 23 51
773 270 23 51
796 270 23 51
819 270 23 51
434
6
702 137 25 60
727 137 25 60
752 137 25 60
777 137 25 60
802 137 25 60
827 137 25 60
435
5
667 351 24 50
691 351 24 50
715 351 24 50
739 351 24 50
763 351 24 50
436
5
801 441 30 72
831 441 30 72
861 441 30 72
891 441 30 72
921 441 30 72
437
5
393 270 26 54
419 270 26 54
445 270 26 54
471 270 26 54
497 270 26 54
439
7
736 318 17 36
754 318 19 37
775 319 18 37
801 320 18 37
822 320 18 38
842 321 19 37
862 322 18 37
440
4
253 271 14 35
269 273 15 35
284 273 15 34
299 274 25 40
441
6
761 445 19 49
782 446 22 43
811 448 12 43
825 435 27 57
858 450 29 52
887 451 19 46
443
5
778 415 28 63
806 415 28 63
834 415 28 63
862 415 28 63
890 415 28 63
444
5
736 70 22 48
758 70 22 48
780 70 22 48
802 70 22 48
824 70 22 48
445
5
758 93 23 53
781 93 23 53
804 93 23 53
827 93 23 53
850 93 23 53
447
5
457 464 28 68
485 464 28 68
513 464 28 68
541 464 28 68
569 464 28 68
448
1
880 379 10 28
450
1
655 258 11 27
451
6
698 433 20 42
720 436 20 39
742 437 20 40
765 440 20 39
796 440 19 41
819 442 17 47
452
5
651 93 22 53
673 93 22 53
695 93 22 53
717 93 22 53
739 93 22 53
454
1
528 234 15 33
455
6
780 340 18 37
798 341 18 37
819 342 20 37
865 343 20 37
886 344 19 36
907 345 19 36
456
7
784 368 20 37
805 369 20 37
825 370 21 37
853 371 20 37
874 372 20 36
895 373 21 37
917 374 20 36
457
5
686 178 23 53
709 178 23 53
732 178 23 53
755 178 23 53
778 178 23 53
459
5
742 407 29 63
771 407 29 63
800 407 29 63
829 407 29 63
858 407 29 63
460
4
1031 145 15 32
1046 145 15 32
1061 139 16 41
1077 139 16 41
461
7
749 374 17 38
766 374 22 39
788 375 20 39
816 377 19 37
837 377 21 38
859 378 20 38
881 379 18 38
462
5
574 413 28 61
602 413 28 61
630 413 28 61
658 413 28 61
686 413 28 61
463
4
260 252 24 52
284 252 24 52
308 252 24 52
332 252 24 52
465
5
610 90 22 52
632 90 22 52
654 90 22 52
676 90 22 52
698 90 22 52
466
5
723 306 32 67
755 306 32 67
787 306 32 67
819 306 32 67
851 306 32 67
467
6
948 248 17 34
967 247 17 34
984 247 18 34
1010 247 18 34
1031 247 16 33
1048 246 17 35
468
5
663 224 24 47
687 224 24 47
711 224 24 47
735 224 24 47
759 224 24 47
469
5
617 123 23 50
640 123 23 50
663 123 23 50
686 123 23 50
709 123 23 50
470
5
694 340 25 55
719 340 25 55
744 340 25 55
769 340 25 55
794 340 25 55
471
5
525 383 28 61
553 383 28 61
581 383 28 61
609 383 28 61
637 383 28 61
472
5
622 289 28 57
650 289 28 57
678 289 28 57
706 289 28 57
734 289 28 57
473
6
617 220 23 54
640 220 23 54
663 220 23 54
686 220 23 54
709 220 23 54
732 220 23 54
474
5
699 182 22 53
721 182 22 53
743 182 22 53
765 182 22 53
787 182 22 53
475
6
871 232 26 56
897 232 26 56
923 232 26 56
949 232 26 56
975 232 26 56
1001 232 26 56
476
5
688 440 28 63
716 440 28 63
744 440 28 63
772 440 28 63
800 440 28 63
477
2
576 470 11 30
629 472 11 29
478
6
225 283 14 45
234 288 13 39
249 288 16 37
265 288 16 34
281 288 16 34
298 299 8 29
479
5
826 218 23 49
849 218 23 49
872 218 23 49
895 218 23 49
918 218 23 49
481
5
827 102 21 48
848 102 21 48
869 102 21 48
890 102 21 48
911 102 21 48
482
6
710 160 23 54
733 160 23 54
756 160 23 54
779 160 23 54
802 160 23 54
825 160 23 54
483
7
760 385 20 41
780 386 22 40
803 386 22 41
832 387 22 41
855 387 21 41
878 388 21 41
901 388 18 41
484
6
940 181 16 32
956 181 17 32
982 182 10 30
997 181 17 31
1016 181 16 30
1034 180 16 31
487
6
613 403 20 41
635 405 19 41
656 406 20 42
678 407 20 42
708 410 23 49
730 411 19 43
488
1
287 130 10 35
489
6
764 455 21 44
785 456 23 43
809 458 24 43
836 460 22 42
865 461 24 43
890 462 22 45
490
1
702 404 13 32
492
5
385 357 30 69
415 357 30 69
445 357 30 69
475 357 30 69
505 357 30 69
493
0
494
4
755 233 31 62
786 233 31 62
817 233 31 62
848 233 31 62
495
6
510 179 23 54
533 179 23 54
556 179 23 54
579 179 23 54
602 179 23 54
625 179 23 54
496
4
595 195 27 56
622 195 27 56
649 195 27 56
676 195 27 56
498
5
735 253 27 57
762 253 27 57
789 253 27 57
816 253 27 57
843 253 27 57
500
1
406 435 13 35
501
6
708 486 12 42
725 486 23 42
750 486 21 42
772 487 22 42
801 488 24 42
825 489 21 42
502
6
606 196 14 29
619 197 18 33
634 187 20 39
656 197 15 29
677 197 16 33
693 197 16 33
503
5
588 249 16 26
625 251 15 25
641 251 15 26
658 252 15 29
674 251 14 26
504
6
568 263 15 28
582 263 19 32
601 254 20 36
623 263 15 27
639 263 16 32
659 255 8 35
505
7
585 210 12 29
599 210 17 35
616 211 17 29
638 211 17 29
655 211 17 29
673 211 15 29
689 211 14 29
506
6
584 257 14 29
597 257 18 33
616 249 20 37
636 257 15 31
653 249 18 41
670 257 13 28
509
3
579 243 14 26
595 243 15 26
631 243 16 27
510
7
511 218 14 28
527 218 15 34
543 219 16 29
560 220 20 28
581 221 14 28
597 222 15 33
613 223 14 28
511
5
514 234 15 29
548 236 15 28
565 237 16 28
587 238 16 34
603 239 16 28
512
7
512 207 14 25
528 207 15 30
544 208 15 25
564 209 15 25
580 209 16 25
596 210 15 25
612 211 15 24
513
6
542 261 15 30
556 262 17 34
576 262 15 29
593 262 15 29
614 262 16 35
630 263 15 29
514
6
556 239 16 35
572 239 16 35
589 230 15 37
606 240 15 27
626 240 16 31
634 230 23 38
515
6
608 224 15 27
629 224 7 28
640 225 15 28
657 225 15 27
677 225 17 32
694 225 15 28
517
7
577 250 15 29
594 251 17 28
612 251 17 29
635 252 17 29
652 253 17 28
670 253 16 28
687 254 16 27
518
6
562 263 14 27
576 263 14 34
595 264 19 27
604 263 14 34
616 264 15 27
633 264 16 32
519
6
481 390 15 64
506 391 32 62
543 389 31 66
577 390 31 64
625 390 31 64
658 391 31 64
520
6
371 413 24 64
397 413 35 65
442 414 32 64
477 415 32 63
510 415 33 64
546 416 32 63
521
6
344 377 14 60
366 377 30 60
401 378 29 61
431 380 30 61
474 381 31 60
507 382 31 61
523
6
482 627 25 50
508 629 24 50
543 632 24 49
570 632 24 52
601 634 12 51
622 637 25 50
525
6
326 454 22 49
350 453 23 49
376 453 23 49
400 453 25 49
437 452 23 49
459 453 23 50
526
6
329 343 25 55
358 343 27 54
388 343 27 55
417 343 27 55
458 343 27 55
486 343 27 55
527
6
367 555 25 53
395 556 26 52
424 556 25 53
460 556 12 54
491 558 25 53
517 558 27 55
528
6
425 371 14 57
447 371 29 57
479 371 28 57
510 372 28 57
553 372 27 57
581 373 30 58
529
6
459 501 30 72
490 503 34 71
529 503 35 71
568 505 36 71
618 506 35 72
654 507 34 73
534
6
361 482 17 54
381 481 26 54
410 480 26 55
439 479 26 54
476 478 26 55
506 477 24 54
535
6
542 345 15 61
567 346 28 61
594 349 31 60
626 351 31 60
666 353 34 60
699 356 33 60
536
6
455 539 26 52
484 541 25 52
513 542 25 52
542 543 26 53
582 545 24 53
608 546 26 54
537
5
187 401 29 64
219 401 32 65
255 401 32 65
335 401 33 67
372 402 28 65
538
6
505 601 17 50
525 602 23 50
556 604 22 47
582 605 21 47
606 604 22 48
631 605 21 48
540
6
627 577 21 44
651 578 22 43
675 578 22 44
699 579 23 44
730 580 23 44
753 580 24 45
541
6
420 573 22 45
442 573 23 53
467 575 22 46
491 577 21 45
521 577 25 54
545 579 20 45
542
6
431 657 22 50
454 658 28 52
496 660 12 52
517 662 25 51
545 663 25 50
572 665 25 51
544
6
361 445 22 54
384 446 24 54
417 447 24 54
442 449 24 53
469 449 23 52
495 449 24 54
545
6
136 463 22 57
161 463 25 56
197 463 25 57
225 463 24 57
251 463 26 58
279 464 22 57
547
6
511 415 27 56
542 416 29 55
573 417 28 55
604 417 28 56
646 418 28 55
677 419 27 56
548
6
479 608 22 51
503 609 24 50
530 611 24 50
556 612 24 50
591 613 25 58
617 614 25 51
549
6
63 470 29 60
95 471 29 61
128 471 29 61
159 471 31 62
204 472 28 61
234 473 31 60
