001
6
901 503 20 50
919 498 19 47
941 494 21 47
961 486 25 46
989 479 17 48
1006 470 35 54
003
5
664 414 15 34
679 410 15 34
695 408 15 33
710 405 14 32
745 397 14 34
005
3
1150 357 8 20
1194 357 2 17
1208 355 8 22
006
7
964 501 17 48
979 497 18 44
997 491 20 46
1021 486 16 43
1043 481 6 45
1058 478 8 43
1069 473 13 46
007
7
1277 437 11 42
1292 433 10 46
1303 427 11 44
1319 425 12 40
1332 421 11 40
1343 419 11 38
1357 417 5 36
008
7
757 415 13 34
773 411 12 36
787 409 13 34
805 405 14 33
820 402 13 33
834 399 13 33
851 397 5 33
010
0
011
6
486 413 13 32
500 414 13 30
516 413 13 30
530 413 14 30
549 410 14 31
565 411 12 29
012
7
835 478 14 38
852 475 14 38
870 474 13 38
891 473 14 36
907 472 14 36
923 471 14 35
943 469 5 36
013
7
608 377 11 28
622 376 12 28
635 373 13 31
657 374 4 27
671 373 3 28
680 373 11 28
693 372 11 27
014
6
850 482 15 38
868 481 13 36
882 477 16 39
903 477 14 36
919 476 13 37
934 472 27 39
015
4
918 554 16 38
1037 545 18 36
1058 557 13 30
1075 532 8 35
016
6
838 449 14 33
854 448 10 33
887 446 14 32
902 443 12 33
916 442 12 32
933 441 4 32
017
7
1103 540 7 37
1120 566 17 43
1139 563 18 42
1157 561 17 42
1175 559 16 41
1197 555 16 44
1215 553 13 42
018
5
943 508 14 23
962 505 16 24
982 487 13 25
998 485 15 24
1039 481 15 20
019
2
1303 587 6 24
1321 585 18 27
021
7
988 547 16 46
1007 544 19 44
1026 541 18 46
1050 538 17 44
1074 537 7 44
1085 536 16 44
1102 533 17 44
022
2
1137 533 13 24
1155 530 13 23
023
6
410 356 11 25
423 355 11 25
435 353 11 27
449 354 10 25
465 353 9 25
477 353 10 24
025
4
201 878 8 31
274 889 19 28
333 888 10 33
347 860 27 34
026
6
1033 571 16 45
1052 569 17 44
1069 566 14 43
1091 565 15 40
1110 561 6 40
1134 557 14 39
027
7
448 331 10 26
460 331 12 26
472 329 13 26
488 330 8 25
500 330 11 25
516 329 3 24
524 329 10 24
028
7
1155 535 14 50
1173 532 16 49
1191 529 15 48
1213 527 14 46
1229 525 13 44
1244 522 13 45
1258 520 14 44
029
6
625 423 13 31
639 422 12 30
653 421 13 30
671 419 5 30
687 418 11 30
700 417 12 30
030
7
1107 545 13 41
1124 543 14 40
1139 541 18 41
1159 539 14 38
1178 536 8 39
1193 534 4 39
1201 533 13 39
031
6
1035 473 14 34
1050 472 15 34
1065 470 16 34
1084 469 14 34
1098 468 12 33
1113 465 24 36
032
2
1050 550 15 27
1137 518 17 27
033
7
864 434 14 31
879 433 13 31
893 433 12 29
915 431 5 31
924 431 12 29
938 430 11 29
951 429 11 30
034
7
1049 489 13 36
1068 487 11 37
1077 482 18 40
1097 485 15 34
1111 484 14 33
1124 482 14 34
1140 481 7 35
036
6
465 362 10 31
477 362 11 29
493 361 12 28
506 360 12 27
521 359 8 29
532 359 12 28
037
7
625 624 23 51
651 625 25 51
680 626 25 50
717 628 24 49
743 629 25 50
779 631 9 50
798 633 25 50
038
7
712 597 21 44
737 599 23 43
763 600 22 45
794 603 25 43
822 604 22 43
848 606 22 43
873 607 23 42
039
0
042
2
572 203 8 14
593 215 8 14
043
5
783 124 6 8
785 110 4 8
791 104 5 8
813 130 4 9
821 110 5 9
045
0
046
3
376 565 16 44
435 566 30 49
514 577 23 48
048
0
052
0
053
1
918 314 8 28
054
0
055
5
757 129 6 14
797 110 9 12
870 124 9 12
895 97 7 16
900 129 2 12
056
7
774 307 17 37
791 308 20 36
812 309 19 36
838 310 18 36
860 310 16 36
884 311 6 36
898 311 19 36
057
5
197 264 16 31
213 265 14 31
227 266 13 32
244 268 10 32
259 269 13 32
058
1
742 89 37 58
060
1
651 181 6 25
061
4
573 449 6 16
582 449 7 17
651 449 10 17
717 421 7 15
062
7
603 322 16 35
622 322 16 35
637 322 20 35
662 323 18 34
683 323 18 35
700 323 20 35
720 322 17 36
064
2
836 431 9 11
868 417 8 10
065
7
721 87 2 11
753 117 7 9
779 121 8 12
793 122 5 9
800 101 9 11
801 116 8 11
822 115 8 12
066
2
495 197 14 51
650 194 7 44
067
0
068
2
726 297 5 17
839 305 9 19
069
2
847 269 5 10
848 247 3 12
070
5
895 321 19 36
970 324 6 37
985 325 18 36
1005 326 19 37
1026 327 20 37
072
2
671 354 11 14
693 343 11 14
073
0
074
0
075
1
764 466 9 47
078
1
559 115 37 55
079
4
897 284 11 34
911 285 19 33
932 285 17 34
951 286 18 34
080
3
953 300 3 10
959 300 3 10
1078 317 2 12
083
2
865 251 8 12
960 254 8 11
084
0
085
0
087
5
661 265 6 10
661 278 8 12
681 265 7 10
681 279 8 12
732 281 9 11
088
6
831 238 18 35
850 239 16 35
868 240 16 34
887 241 17 34
911 241 17 35
930 243 17 35
089
0
091
5
830 196 17 33
850 196 17 34
871 197 16 33
900 197 17 33
943 200 10 35
094
1
746 176 9 24
095
6
817 282 17 33
836 283 16 33
856 284 15 34
874 285 16 34
898 286 18 34
918 288 17 33
097
6
858 278 17 35
876 280 20 34
897 280 18 34
925 280 8 35
942 281 19 33
960 280 19 36
099
2
569 399 32 39
707 406 6 35
101
0
102
2
914 89 9 22
916 113 7 19
104
3
893 327 8 11
927 317 1 12
972 329 8 11
107
6
875 129 14 28
890 129 15 31
907 129 20 28
928 129 14 28
945 129 14 31
962 128 13 27
110
2
708 230 4 17
823 232 4 15
111
7
558 427 19 40
580 428 18 40
601 429 18 40
623 430 18 41
649 431 21 42
672 433 20 40
693 416 5 45
112
8
570 383 17 41
589 385 19 39
609 385 21 41
636 387 19 39
659 388 20 40
680 389 21 40
701 390 20 39
721 369 5 32
114
2
656 295 9 14
725 295 5 12
115
7
709 334 20 37
731 334 19 38
750 335 22 39
772 336 20 38
799 337 21 38
821 338 12 37
831 338 12 38
117
2
739 393 7 14
741 417 5 17
118
6
624 395 24 36
646 396 21 34
674 397 21 38
697 398 20 37
721 399 23 35
744 399 22 37
119
6
680 386 17 37
699 388 20 36
719 388 19 38
741 391 19 36
770 392 18 37
790 394 19 36
120
6
782 249 16 34
798 250 16 33
817 251 17 33
836 251 17 33
860 251 18 34
879 252 17 34
121
6
817 318 18 35
837 320 18 33
862 321 18 34
884 321 17 36
901 323 19 34
925 323 10 35
123
6
789 272 16 34
807 272 17 35
830 273 19 35
850 273 17 36
870 275 17 34
889 276 17 34
124
7
747 295 18 36
768 296 17 36
786 296 17 36
811 297 17 36
831 298 19 36
851 299 19 35
872 300 18 35
125
7
792 252 15 33
807 252 18 34
826 253 17 34
850 255 16 32
869 255 17 33
887 255 16 33
906 256 17 33
126
6
767 263 16 34
786 263 17 33
804 264 17 33
823 264 17 34
847 265 15 34
866 265 16 34
127
5
735 272 7 10
763 273 7 10
786 279 3 10
798 256 5 9
801 272 6 9
129
6
844 157 15 32
860 153 17 36
884 157 18 33
905 156 8 34
924 158 8 32
939 157 17 33
130
6
806 184 18 32
823 184 16 32
842 185 18 32
860 185 20 33
884 185 18 33
903 185 19 33
132
3
595 295 10 18
673 242 14 24
728 267 6 22
133
7
711 237 15 34
727 237 17 34
747 238 16 34
769 239 16 33
788 239 16 33
806 239 17 34
830 240 5 33
134
6
767 201 20 32
787 201 16 32
806 200 17 33
824 201 19 32
848 201 19 32
868 201 18 33
135
6
805 241 16 32
823 241 15 38
841 242 17 31
858 241 17 33
884 242 19 39
902 243 15 31
136
1
798 287 9 14
137
6
847 285 16 34
865 286 16 33
884 286 17 34
906 287 9 34
926 288 19 33
945 289 18 33
138
7
818 238 15 34
834 239 17 33
852 239 16 33
875 240 17 33
894 241 17 32
913 241 16 32
931 242 17 31
139
6
690 246 16 32
708 247 15 32
726 248 15 32
743 249 17 32
766 249 16 32
785 249 14 34
140
6
800 238 15 32
817 238 16 33
835 239 16 33
854 240 15 33
878 240 16 34
895 241 16 33
142
7
722 285 19 34
743 286 16 34
759 286 20 34
785 286 17 34
805 287 17 34
822 287 18 34
841 288 18 34
143
1
712 232 3 19
146
2
756 270 8 19
878 241 5 24
147
1
477 143 39 56
149
5
734 157 17 34
753 158 18 33
778 159 11 33
804 160 18 34
825 160 17 35
150
2
783 93 8 24
851 87 9 27
151
6
717 174 10 20
730 174 10 20
739 174 10 20
752 174 15 21
766 175 11 20
778 175 11 21
152
7
582 326 19 37
601 326 20 37
621 327 19 37
646 327 18 37
667 328 17 36
686 328 19 37
707 328 18 37
153
6
153 247 14 39
167 251 17 35
187 247 7 40
199 252 16 36
222 252 15 35
237 253 17 35
155
0
156
0
158
3
908 304 3 9
909 318 9 11
926 319 6 9
159
7
789 320 18 36
807 320 18 36
827 321 20 36
853 321 19 36
875 322 17 35
893 322 19 35
913 322 20 35
160
7
897 251 16 34
913 251 17 33
932 251 17 34
957 251 17 34
976 251 17 34
1000 251 6 34
1012 252 19 33
161
0
162
10
930 237 27 47
947 249 17 34
971 249 19 35
1009 239 22 45
1029 252 16 33
82 72 9 23
89 73 13 28
96 67 13 32
109 76 7 24
119 77 23 29
164
3
882 212 7 9
895 249 1 8
912 238 4 9
165
6
224 288 13 33
238 290 13 34
253 291 14 33
268 292 15 33
290 293 15 33
306 293 15 34
166
2
162 286 15 19
279 297 12 16
167
1
826 264 18 43
171
0
173
3
812 352 8 11
886 340 9 11
912 345 4 12
175
7
358 312 16 36
372 313 19 36
394 315 16 36
413 316 19 35
432 318 20 35
451 318 19 36
469 320 20 36
176
3
822 302 9 27
844 304 9 26
923 297 16 25
178
1
971 246 6 29
179
3
355 291 7 11
373 292 6 9
375 305 7 11
180
2
773 350 11 27
850 345 12 35
182
2
912 225 3 15
921 233 1 14
184
1
618 530 13 31
185
0
187
2
307 196 12 31
331 193 14 32
190
1
900 231 30 55
191
7
796 313 19 38
815 313 20 37
835 313 19 38
862 313 20 37
884 313 18 36
905 312 19 38
927 312 18 38
192
6
883 198 8 33
896 198 17 33
914 199 18 34
932 199 16 34
957 200 16 34
974 201 17 33
193
0
196
2
864 293 8 17
938 306 9 12
198
0
200
3
705 190 7 9
706 203 8 11
726 199 6 9
203
7
596 136 11 40
611 137 19 38
631 137 20 37
653 137 20 36
684 137 20 37
704 136 20 38
730 133 9 42
204
5
932 330 11 34
949 331 20 33
969 329 22 35
993 331 18 34
1014 338 6 39
205
5
759 349 1 26
769 348 16 24
769 368 16 21
883 361 12 25
907 377 4 27
206
7
929 262 17 32
946 262 19 33
965 262 19 34
991 263 17 32
1010 263 18 32
1029 263 18 33
1054 263 7 33
207
3
737 127 28 44
833 127 25 45
870 125 8 46
208
6
232 220 14 35
248 222 14 34
263 223 15 34
284 224 7 35
300 224 16 36
316 226 16 34
209
1
947 274 8 25
210
0
211
7
711 264 15 31
725 264 19 33
743 265 19 32
764 265 19 33
786 266 16 32
809 267 6 32
822 268 17 31
214
2
665 255 9 42
859 261 2 31
218
2
330 220 8 11
368 205 8 12
219
1
721 188 8 24
220
4
836 260 9 12
858 255 5 10
879 246 8 12
933 262 9 11
221
5
951 290 9 11
987 317 3 9
1049 278 2 9
1050 293 8 11
1054 278 4 10
222
1
881 341 2 12
223
5
786 220 8 11
807 220 7 9
807 233 8 11
808 201 6 9
835 201 6 9
224
6
465 371 21 36
489 371 19 37
510 372 20 37
542 373 21 36
562 373 24 36
588 373 21 40
225
6
842 246 9 34
861 246 9 33
875 245 17 33
894 244 17 34
918 244 15 33
936 243 19 34
226
3
830 275 8 10
902 268 3 10
940 268 3 13
227
3
679 239 4 13
680 281 9 15
769 285 11 15
228
2
830 193 9 16
834 217 5 14
229
7
706 331 10 38
741 324 20 38
766 322 6 30
788 325 21 38
808 325 19 39
831 326 20 38
852 326 20 39
230
1
731 309 8 36
231
0
232
0
233
6
822 280 18 36
842 280 18 35
860 280 19 36
880 280 19 36
907 280 18 36
926 280 19 36
236
7
814 281 18 35
833 281 20 35
860 281 17 35
878 281 17 35
896 281 19 35
916 282 19 34
939 273 6 37
238
7
760 259 17 33
779 259 17 34
797 260 18 33
816 260 18 33
841 259 18 35
861 260 17 33
880 253 8 38
240
3
709 129 7 11
775 68 4 9
807 133 6 9
241
0
242
6
180 305 19 32
194 305 14 32
209 307 15 32
224 308 17 32
244 309 20 32
260 310 20 33
245
5
804 182 18 32
822 182 16 33
842 183 16 32
870 183 18 32
890 183 17 32
246
4
873 271 2 9
878 271 3 9
919 285 7 11
970 275 4 9
247
7
242 312 19 36
263 312 10 35
273 313 10 34
288 313 18 34
306 313 18 35
326 313 19 34
347 313 11 35
248
6
43 437 15 37
61 435 27 38
85 433 22 38
115 432 14 37
141 427 26 40
165 425 26 40
249
0
250
6
137 14 7 22
147 15 9 20
156 15 9 22
167 15 13 22
191 17 9 21
201 17 10 21
252
0
253
0
254
2
781 202 6 9
782 214 6 10
255
2
744 303 10 44
922 314 6 37
256
3
649 106 11 16
655 124 5 13
655 146 3 15
257
0
259
2
688 270 7 10
690 285 7 9
260
2
763 355 18 22
898 346 2 19
262
3
800 329 3 10
872 345 6 12
917 338 9 12
263
1
807 119 3 30
266
0
267
3
805 177 5 12
843 169 3 14
844 202 7 13
268
0
272
1
979 255 8 25
273
3
839 276 5 9
862 282 8 11
896 274 3 10
274
7
549 109 19 33
567 109 19 34
585 110 19 33
610 110 17 34
627 111 17 33
646 111 16 33
663 112 18 33
275
4
692 159 21 36
713 158 21 37
736 159 20 36
768 158 20 37
277
2
790 428 10 14
815 429 10 15
279
0
280
7
830 191 16 30
848 191 14 31
865 191 14 31
885 192 16 30
902 192 16 30
920 192 16 30
942 193 6 30
281
2
604 287 11 17
684 299 7 13
282
2
409 297 8 17
476 317 9 14
284
13
708 333 18 34
725 334 20 34
746 335 19 33
772 336 19 34
797 336 8 34
812 337 18 33
832 337 20 34
152 39 10 22
163 40 12 25
178 41 9 21
187 41 11 22
198 42 10 21
211 42 5 22
285
2
686 172 9 15
777 181 12 15
286
3
755 149 7 11
775 162 7 11
839 162 2 11
287
3
745 171 7 11
765 171 6 9
765 184 8 11
288
0
289
3
742 174 8 14
830 185 13 16
833 203 10 14
290
0
292
1
725 174 11 27
293
3
763 120 7 10
801 105 7 9
802 118 7 11
294
2
620 100 9 23
678 108 8 25
295
5
711 436 5 15
729 440 9 12
755 439 9 14
780 442 9 12
851 452 13 16
296
0
299
2
596 353 6 10
737 352 4 9
300
2
766 146 8 15
839 125 2 18
301
3
801 188 5 12
866 194 10 13
886 194 8 11
303
1
744 200 10 26
304
11
746 453 9 12
771 453 10 13
794 446 7 12
474 422 3 14
491 414 3 17
498 415 2 14
500 433 4 17
501 417 3 14
503 433 4 16
518 424 5 16
524 420 5 19
307
1
726 136 9 24
308
1
839 393 9 13
309
6
766 310 18 35
786 310 18 36
805 311 19 35
830 311 8 36
851 312 18 36
871 312 18 36
310
6
720 353 19 38
741 355 18 37
762 355 19 38
788 356 9 38
810 356 18 39
831 357 19 38
311
2
737 153 16 24
766 155 8 21
312
2
774 115 9 26
794 115 10 26
313
0
314
0
315
0
317
6
737 417 5 17
779 424 10 13
804 408 9 14
868 410 10 13
869 428 10 13
892 433 3 13
318
2
601 165 9 20
706 182 8 15
320
0
321
3
597 107 5 10
616 99 8 12
685 99 8 12
322
7
751 471 22 42
772 472 25 43
797 473 26 44
838 476 8 42
863 478 8 42
880 479 24 42
905 480 23 42
324
5
715 289 8 12
716 275 7 10
759 291 7 12
760 277 6 10
812 294 8 11
326
8
787 257 7 36
798 265 17 34
815 266 17 34
835 266 18 34
864 267 7 33
877 267 18 34
897 268 16 33
915 267 18 34
327
6
722 259 15 34
740 260 15 34
758 260 15 35
775 261 17 34
799 262 17 34
818 263 17 34
328
0
330
1
797 259 6 10
331
0
332
1
597 193 13 16
333
7
683 421 19 38
701 422 23 39
723 424 20 38
753 425 22 38
774 426 23 38
796 427 21 38
820 428 21 38
334
2
584 457 10 13
670 462 10 13
335
0
336
2
651 101 8 25
670 100 8 24
337
5
630 138 17 36
651 139 17 36
671 140 17 36
703 141 17 36
721 140 22 38
338
4
723 394 18 47
809 397 27 54
839 401 20 49
863 397 11 56
339
7
633 365 22 40
657 366 20 39
676 366 21 40
703 368 22 39
728 369 18 38
750 370 21 39
778 370 8 40
340
2
783 259 11 28
807 259 11 27
341
2
740 382 10 28
847 393 3 29
342
2
695 568 25 49
801 574 8 36
343
3
673 371 7 15
689 359 9 17
838 346 4 15
345
0
346
0
347
7
698 376 18 37
717 378 17 36
735 379 22 36
763 381 20 36
782 381 21 36
803 382 22 36
831 383 8 36
348
1
575 158 4 48
349
7
707 438 21 41
727 439 25 41
752 440 24 42
786 442 22 40
810 443 23 41
835 444 22 40
859 445 22 41
350
3
662 376 23 30
700 397 11 30
726 397 11 32
351
2
730 459 10 13
783 459 10 14
353
2
848 313 3 20
864 332 9 21
354
7
707 268 17 33
724 268 18 33
743 269 18 33
768 271 18 32
793 272 7 33
806 272 19 32
832 273 7 32
355
7
605 124 19 32
623 124 19 32
645 124 15 33
664 124 16 33
681 125 19 32
702 125 16 32
718 125 16 32
356
7
837 258 16 33
854 259 18 33
874 259 17 34
899 262 17 32
925 263 4 32
937 264 18 32
963 265 5 32
357
0
359
3
409 175 41 63
441 183 9 47
504 187 21 54
360
6
709 355 21 37
732 357 20 37
759 358 21 38
786 360 12 37
804 362 19 36
824 362 21 38
361
0
362
4
754 229 19 36
810 229 19 36
830 230 22 35
854 230 20 35
363
7
283 272 13 33
295 273 16 33
310 274 15 33
330 276 17 33
347 277 15 33
362 278 16 33
379 280 16 33
364
0
365
3
771 203 7 23
821 205 7 24
838 213 11 23
366
2
764 259 7 26
817 262 8 26
368
0
369
6
771 381 19 38
793 382 19 37
815 383 21 39
844 384 9 39
867 386 20 38
890 386 20 39
370
0
372
1
753 141 8 27
373
3
646 235 6 13
664 236 5 12
677 210 8 12
374
6
615 164 3 7
641 161 4 8
648 162 3 7
654 162 3 7
668 161 5 7
697 196 3 7
378
7
393 392 19 41
415 393 19 38
435 393 21 40
461 394 22 41
484 395 21 36
511 395 8 41
527 396 20 42
379
0
382
7
581 268 14 34
597 268 16 35
614 269 17 35
637 270 16 34
654 270 16 35
672 271 16 34
689 271 16 35
383
7
554 233 12 25
565 233 12 25
579 234 11 25
596 234 7 25
606 235 11 24
618 236 11 24
629 236 11 24
385
5
686 417 5 11
752 425 8 11
752 441 9 13
787 426 9 14
815 434 5 13
386
7
595 458 8 12
609 457 9 11
666 489 3 11
669 462 3 12
686 519 5 11
687 462 6 13
687 496 6 11
388
1
646 260 11 18
389
2
710 202 15 38
881 205 15 38
391
2
674 345 10 30
699 346 11 30
392
0
393
7
744 311 11 32
757 300 22 38
781 301 22 38
804 302 23 38
840 302 23 39
866 302 26 43
832 34 6 11
394
0
395
6
758 453 25 45
785 455 24 44
811 456 24 44
838 456 24 45
872 457 24 46
899 458 24 45
396
0
398
1
751 316 46 65
399
6
629 270 3 9
635 270 6 10
649 288 7 11
650 304 8 10
708 269 8 11
733 303 9 12
400
1
408 348 12 32
401
7
704 671 5 13
712 671 5 14
734 664 6 12
779 658 3 12
781 676 7 14
785 658 7 12
791 678 3 12
403
0
404
1
699 145 9 25
405
3
751 207 5 9
815 203 4 9
829 188 4 13
406
0
407
0
410
1
719 134 9 26
412
6
751 455 21 43
776 457 21 42
798 457 23 44
823 459 23 44
855 461 23 45
879 462 23 45
413
1
673 227 10 19
414
6
621 369 5 40
635 366 12 41
655 367 20 41
680 368 22 41
716 369 23 41
741 370 23 40
417
0
418
3
658 256 9 25
679 256 9 25
731 256 8 25
419
2
344 345 9 26
416 363 8 26
420
8
766 342 10 43
780 350 19 40
800 351 20 39
822 352 19 40
850 354 20 39
872 356 20 38
901 356 5 40
916 358 19 39
421
3
620 170 5 9
641 174 8 13
642 161 6 9
422
1
711 382 56 71
423
3
751 414 6 11
861 407 9 12
861 424 9 13
425
8
681 396 8 43
694 406 20 41
713 407 21 39
736 407 21 40
765 408 22 40
787 408 22 40
810 409 22 40
833 409 22 40
426
7
272 284 14 34
288 285 15 34
303 285 16 35
324 287 15 34
342 287 14 34
357 288 15 34
374 289 14 34
427
7
679 95 8 18
690 95 9 20
700 95 9 20
713 96 5 19
721 96 9 20
731 97 10 20
740 97 10 20
428
4
638 222 14 37
701 222 16 40
720 223 29 41
751 229 6 35
429
3
266 356 22 69
368 369 12 49
458 359 17 70
432
0
434
2
796 157 10 28
817 157 10 27
435
1
659 353 33 43
436
5
794 462 3 20
887 442 13 20
933 469 11 25
957 461 2 25
958 489 1 23
437
2
435 286 7 24
473 287 10 24
439
7
735 318 18 36
753 318 19 36
775 319 16 37
800 320 18 37
821 320 18 38
841 322 19 36
861 322 20 37
441
6
758 445 21 43
780 446 23 43
810 448 11 43
828 448 23 45
857 448 27 46
886 451 21 46
442
5
727 246 17 32
746 247 18 33
765 247 17 33
797 247 15 33
815 247 17 33
443
3
836 461 1 9
903 439 2 11
908 439 5 11
444
2
763 98 8 11
831 97 8 10
445
1
974 183 4 5
446
1
716 267 5 38
448
3
788 377 9 12
810 378 8 11
811 394 8 12
449
6
781 417 21 37
804 418 20 38
827 418 20 38
848 419 22 38
878 421 20 37
901 421 20 38
451
5
697 433 20 42
719 436 20 40
741 437 21 40
764 440 21 39
795 440 19 41
452
0
453
2
889 117 8 40
1019 116 5 41
455
8
766 331 8 38
779 340 18 37
797 341 18 37
817 342 21 37
850 343 7 36
864 343 19 37
886 344 18 36
905 345 20 36
456
7
783 369 20 36
804 369 19 37
826 370 19 37
852 371 20 37
873 372 20 36
894 373 21 37
916 374 20 36
457
0
461
7
746 374 19 38
765 374 22 39
787 375 21 39
816 377 18 37
836 377 21 38
858 378 21 38
880 379 21 38
463
3
253 273 1 10
324 271 6 10
344 277 4 10
464
0
465
1
609 87 21 55
466
1
701 317 4 38
470
2
681 344 37 51
744 345 18 51
471
4
555 400 10 14
581 400 10 14
1 311 1 5
4 306 3 5
473
1
608 225 30 46
474
4
682 205 1 11
704 196 8 12
726 196 6 10
726 210 8 12
475
2
932 122 3 14
955 120 16 20
477
3
549 435 20 32
576 470 10 30
629 472 10 29
478
4
232 288 13 34
248 288 14 32
265 289 15 33
279 289 17 32
479
1
856 233 8 24
480
1
787 210 7 19
481
2
812 101 5 43
941 105 4 43
482
0
483
8
739 392 11 40
759 385 20 41
779 386 21 40
803 386 21 41
831 387 22 41
854 387 21 41
877 388 21 41
900 388 21 41
484
6
938 181 18 32
955 181 17 33
982 182 9 30
996 181 17 31
1015 181 16 31
1032 180 17 31
485
3
664 218 8 12
685 219 8 12
736 207 8 11
486
2
827 460 10 15
904 449 2 14
487
6
611 403 20 41
634 405 19 41
655 406 20 41
677 407 20 42
707 410 20 42
729 411 21 43
488
2
247 129 12 38
262 129 18 38
489
6
760 455 24 44
784 456 23 43
808 458 24 43
836 460 21 42
865 461 23 43
889 462 23 45
490
0
491
2
673 153 8 26
738 151 9 25
492
1
425 400 12 15
493
0
494
0
496
5
591 223 3 10
602 214 8 11
622 229 7 10
642 215 5 9
642 228 6 11
500
2
291 420 13 43
405 435 13 35
501
6
707 485 12 43
724 486 23 42
749 486 21 42
771 487 22 42
800 487 24 42
824 488 26 43
503
6
587 249 16 26
603 250 14 26
624 251 15 25
640 251 16 26
657 251 14 26
673 251 15 26
505
7
581 210 15 29
598 210 17 30
615 211 17 29
637 211 17 29
654 211 17 29
672 211 15 29
688 211 17 29
506
6
582 257 15 30
598 257 15 29
620 257 15 29
635 257 16 28
652 257 15 28
669 257 14 28
507
7
537 246 15 28
554 246 16 28
571 247 14 28
592 247 16 27
608 247 16 28
625 247 15 28
641 247 16 28
509
6
549 242 6 28
562 242 14 27
579 243 13 26
594 243 15 26
615 243 15 27
630 243 16 27
510
7
510 217 14 29
526 218 15 29
542 219 16 29
563 220 16 28
580 221 14 28
597 222 14 28
612 223 16 28
513
7
538 247 5 23
541 261 15 30
558 262 15 29
575 262 15 29
591 262 16 29
613 262 15 30
629 262 16 30
515
6
607 224 15 27
628 224 7 28
639 225 16 27
655 225 16 27
676 225 15 28
693 225 15 28
516
6
491 230 6 27
504 230 14 27
519 230 15 27
536 231 13 26
557 231 15 27
572 231 15 28
517
7
576 250 15 29
592 251 18 28
611 251 17 29
633 252 16 28
652 253 16 27
669 253 16 28
686 254 16 27
518
6
559 263 16 27
576 263 17 28
598 263 14 28
615 264 15 27
631 264 16 27
652 263 8 29
519
6
480 390 15 64
505 391 32 63
542 389 31 66
575 390 32 64
624 390 31 65
657 391 33 64
520
6
363 413 32 64
396 413 34 65
441 414 32 64
476 415 32 63
509 415 33 64
545 415 32 64
521
6
342 377 15 60
365 377 29 61
400 378 29 61
430 380 30 61
473 381 32 60
507 382 30 61
522
6
471 391 32 66
505 393 31 64
550 394 15 65
575 395 33 66
623 397 32 65
656 397 35 66
524
6
432 288 31 61
465 289 33 59
508 289 31 59
549 289 13 60
575 289 31 59
609 289 30 60
525
6
325 454 22 49
349 453 24 49
375 453 22 49
400 453 24 49
436 452 23 49
458 453 23 50
526
6
327 343 26 55
357 343 28 54
387 343 28 55
416 343 27 55
457 343 27 55
485 343 28 55
528
6
425 371 13 57
446 371 29 57
478 371 27 57
509 372 28 57
551 372 28 57
580 373 31 58
529
6
453 501 35 72
489 503 33 71
528 503 35 71
567 505 36 70
617 506 36 71
653 507 38 73
530
6
410 623 22 48
434 623 22 49
466 623 23 50
491 625 22 48
516 626 23 48
542 627 22 48
532
6
486 441 25 50
513 444 24 47
545 445 24 50
572 447 24 48
599 448 23 48
625 450 24 47
533
7
453 535 22 44
475 537 22 44
497 539 22 44
519 540 22 45
547 541 23 46
569 543 24 46
593 530 6 52
534
6
352 481 25 56
380 481 25 54
409 480 26 55
438 479 26 54
475 477 27 56
505 477 26 54
536
6
454 539 26 52
483 541 24 52
512 542 25 52
541 543 26 53
581 545 24 53
607 546 28 54
538
7
501 601 20 50
524 602 22 50
555 604 22 47
580 605 23 47
605 604 22 49
630 605 22 48
19 305 2 16
539
6
259 357 22 55
280 358 26 54
312 359 12 55
330 361 25 54
363 363 26 54
389 364 26 55
540
6
625 577 22 44
649 578 21 43
673 579 23 43
698 579 23 44
729 580 23 44
752 580 25 45
541
6
419 573 22 45
442 573 20 46
466 575 22 46
489 577 22 45
520 577 22 47
543 579 21 46
542
6
427 657 25 50
453 657 28 53
495 660 11 52
516 662 25 51
544 663 25 50
571 665 25 50
544
6
357 445 25 54
383 446 23 54
417 447 23 54
441 449 24 53
468 449 23 52
493 449 25 54
545
6
133 463 24 57
159 463 25 56
196 463 25 58
224 463 24 57
250 463 25 58
278 463 25 58
546
6
121 531 27 64
151 531 27 65
189 533 28 64
220 533 27 64
251 535 28 63
283 537 26 62
547
7
503 392 33 63
510 415 27 56
541 416 29 55
572 417 28 55
604 417 27 56
645 417 28 56
676 419 28 56
548
6
476 608 24 51
502 609 24 50
529 611 24 50
555 612 24 50
589 613 25 52
616 613 25 52
